100
2.0051 -0.025279 -1.419 1.2348 -0.021459 -0.103 0.073298 -0.59097 1.2695 -0.20561 -0.074435 -0.061146 1.6761 -1.6772 1.0889 0.38047 -0.093966 1.3675 0.26044 -0.8778 -0.19559 1.4005 -0.53506 0.84901 -1.3748 0.22985 -0.4969 1.6238 -0.32737 -0.57333 -0.03897 -0.039702 0.59186 -0.25693 0.72601 -0.15163 0.58102 -0.42838 0.70062 0.75827 0.020256 -0.39337 -0.16001 0.10603 0.63384 -0.78644 0.29011 0.53671 0.544 -1.1527 1.1927 -0.0095338 -0.46755 -0.081471 1.4907 0.96657 0.027242 0.054114 0.4849 -0.21705 0.48227 -0.74322 1.1225 0.1992 0.31608 -0.6665 -0.62708 0.29487 -0.14619 -0.032224 -0.0099682 0.19956 -0.57067 0.54407 0.73985 -1.2327 -0.47312 -0.54847 1.0526 -0.27229 -0.046344 0.61054 -0.15694 0.023911 -1.7125 -0.0076277 -0.026826 0.03324 -0.047203 0.19539 -0.39004 -0.47219 -0.036869 0.075302 0.040967 -1.1122 0.34171 0.51077 -0.25974 -0.089707
-0.025279 0.76036 -0.24949 -0.20578 -0.014754 0.2571 -0.016693 0.10233 -0.17814 -0.068606 -0.0038475 -0.036051 0.057924 -0.10155 0.036297 0.10291 0.18447 0.16755 -0.15557 -0.10977 0.12748 0.24358 0.041017 0.061771 -0.086401 -0.073296 0.00099454 0.092467 0.089078 0.086426 -0.0037448 -0.0021099 -0.071375 -0.03718 0.069375 0.0052742 -0.016179 0.15158 0.2731 0.12191 0.017631 -0.0011198 0.044477 0.0066131 0.099941 -0.16581 -0.041194 -0.039481 0.054101 0.15364 -0.047445 0.053992 -0.12497 -0.45308 -0.046092 0.14842 0.11567 -0.18075 0.058624 0.069272 -0.025462 -0.03217 0.077376 0.13852 -0.12377 -0.36273 -0.2697 -0.033484 0.14613 -0.055953 -0.047097 -0.066008 -0.13049 0.046278 0.048151 -0.092618 0.11405 0.024561 -0.035805 0.25507 -0.027487 0.074578 -0.055069 -0.084067 0.0088246 -0.1917 -0.032891 0.17356 -0.085279 -0.27475 0.018072 -0.066756 -0.0064268 0.016941 0.044548 0.16806 -0.18052 -0.10193 0.11687 -0.019435
-1.419 -0.24949 39.7 2.488 -0.16139 -0.01828 0.17655 -0.62217 2.101 -0.14375 0.079623 -0.047305 -0.9887 1.4148 -0.25506 -1.1881 -1.1991 -1.6103 0.21338 -0.078298 0.17487 -39.383 -0.37322 0.36566 1.6551 0.047518 0.91413 -0.99021 0.093139 -1.3934 0.20947 0.35431 0.37045 -0.78169 -0.11992 -0.96169 -2.0315 -2.1051 -1.9469 0.7044 -0.11801 1.0757 -0.58695 0.81554 0.92856 2.0571 -2.0932 -1.8461 -0.65835 -0.3109 2.631 -0.22617 1.3782 0.18302 0.21112 -1.4753 0.57046 -0.42143 -0.5322 0.13515 0.74468 0.24745 -0.57328 0.05724 0.1652 1.7509 2.9674 -1.9428 -0.23948 -0.12235 0.15437 -0.21648 2.3227 -0.38303 -0.14075 1.0969 0.26377 2.2623 1.1814 -0.15001 -0.29035 0.43196 0.28022 -1.1556 1.643 0.13822 -0.41895 0.012603 -0.12897 0.23077 -0.61156 0.42213 0.49835 -0.30421 0.32054 -0.1913 0.097676 -0.26683 -0.62118 -0.23514
1.2348 -0.20578 2.488 3.1177 0.02344 0.21971 0.11822 -0.99476 2.8502 -0.74968 -0.022516 -0.036467 1.9574 -1.0952 0.99256 -0.28726 -0.82222 1.2169 0.33647 -1.273 -0.055295 -2.4495 -1.0313 1.2676 -1.0213 0.20551 -0.043408 1.6002 -0.3809 -1.264 -0.023025 -0.0048901 0.99803 -0.66369 0.88305 -0.51785 -0.2833 -1.8224 0.12664 1.2106 0.0071898 0.16711 -0.56445 0.45685 1.3621 0.083243 -0.25709 -0.30291 0.44946 -1.4319 3.0755 -0.088731 0.26615 0.1109 2.0557 0.47896 0.32719 -0.058289 0.49638 -0.11641 0.8766 -0.48949 0.93308 0.016869 0.5495 -0.18644 0.53424 -0.24439 -0.30188 0.018973 0.5027 0.16718 0.49779 0.44757 0.95684 -0.97717 -0.26458 0.29927 2.0937 -0.45795 -0.41388 0.98618 0.099082 -0.18106 -1.1184 0.064058 -0.040094 -0.061678 -0.38872 0.15917 -0.82988 -0.41999 0.01991 0.0070229 0.31303 -1.408 0.81569 0.43442 -0.65801 -0.015765
-0.021459 -0.014754 -0.16139 0.02344 0.40486 0.0072427 0.016235 0.040053 0.019284 -0.041022 0.019141 -0.0062442 -0.011732 -0.0034215 -0.018227 -0.0098844 -0.018723 -0.0018074 -0.017243 0.0023163 0.020355 0.15747 0.021648 -0.026355 0.0023158 -0.0079237 -0.0017423 -0.0013601 -0.0023701 0.024503 0.0051119 -0.017837 -0.027496 0.024448 -0.0064803 0.010961 -0.020294 -0.071183 -0.025867 -0.019613 -0.00047496 0.0085364 0.014356 0.0027346 -0.022641 0.0091432 0.027877 -0.0099381 0.010324 0.03749 0.054192 -0.014416 -0.00044495 0.011246 -0.010192 -0.028674 -0.0032 -0.0020981 0.02041 0.010736 -0.025182 -0.015071 -0.025624 0.019212 -0.046957 0.031505 -0.001639 0.04375 0.0053968 0.028746 0.0032738 -0.015814 0.00069303 0.023368 -0.028802 0.0029419 0.030088 -0.0076355 -0.0058852 0.0097705 -0.02302 -0.00010347 -0.018714 0.041634 0.0070488 -0.010339 0.017452 0.021564 -0.010689 -0.0037089 0.033792 -0.02618 -0.035393 -0.012849 0.0058713 0.026362 0.0030363 0.0061647 -0.023564 0.0074569
-0.103 0.2571 -0.01828 0.21971 0.0072427 0.72139 0.046155 0.084377 0.22658 -0.29569 0.032263 0.051474 0.35721 -0.028279 0.11026 -0.087205 0.11348 0.25455 -0.13023 -0.22988 0.12058 0.018217 -0.1174 0.14701 -0.082032 -0.039235 0.1794 0.2122 0.027805 -0.070705 -0.0069226 -0.015303 0.088971 -0.046223 0.13729 -0.0019515 -0.11215 -0.30183 0.43082 0.15458 0.015038 0.11344 -0.088841 -0.0054739 0.3021 0.040549 0.026574 -0.11401 0.069864 0.10477 0.45225 -0.025269 0.11785 0.050761 0.1487 0.040385 0.23283 0.018253 0.11125 0.022612 -0.0065857 0.22568 0.12329 -0.13146 0.018927 -0.43486 0.048911 0.074375 0.084461 0.020905 0.42527 -0.040846 0.046421 0.058957 0.13944 -0.078537 0.13562 0.073937 0.27812 0.021535 -0.21447 0.11901 0.059872 0.078282 0.055897 -0.18848 0.0034705 0.145 -0.19461 -0.17131 0.012085 -0.028564 -0.0036302 -0.008945 0.20206 0.073649 0.16486 -0.13488 0.11158 0.020655
0.073298 -0.016693 0.17655 0.11822 0.016235 0.046155 0.42848 -0.018166 0.12301 -0.037149 -0.02285 -0.0091501 0.11392 -0.10323 0.03067 -0.031363 -0.0014802 0.049597 0.0027233 -0.041563 0.045573 -0.16968 -0.045632 0.070565 -0.041863 0.027714 -0.05277 0.096854 -4.0711e-05 -0.019013 -0.0060641 -0.0042039 0.054083 0.0054851 0.02865 -0.022369 -0.01036 -0.0731 0.025379 0.053228 0.029301 -0.0025861 -0.015027 0.0063071 0.071232 -0.0016729 0.013109 -0.0061472 0.034636 -0.069903 0.14737 0.014713 0.038597 0.048131 0.09443 0.022689 0.010611 0.00093323 0.034847 0.0069014 0.033606 0.0050271 0.037035 -0.016371 -0.0025202 -0.020073 0.0095714 0.032225 -0.0036633 -0.01339 0.053772 0.022444 0.0059747 0.045669 0.029195 -0.027398 -0.011005 -0.0060868 0.091285 -0.028269 -0.020315 0.046029 0.024447 0.0034738 -0.031837 -0.02365 -0.026298 0.013776 0.0081666 -0.012399 -0.022368 -0.034333 0.017344 0.040755 0.011155 -0.062357 0.046033 0.018984 0.013873 0.014759
-0.59097 0.10233 -0.62217 -0.99476 0.040053 0.084377 -0.018166 1.3205 -1.033 0.14732 0.0043084 -0.033778 -1.0067 0.57838 -0.44964 0.12677 0.50909 -0.5038 -0.18806 0.54537 0.027095 0.65544 0.68464 -0.79335 0.51564 -0.33615 0.20215 -0.80104 0.32715 0.62379 -0.013972 0.019384 -0.67537 0.37419 -0.41831 0.32963 -0.074112 0.30884 -0.060544 -0.71704 0.018134 0.018709 0.19815 -0.31039 -0.50437 0.01035 0.11921 -0.12044 -0.24597 0.91475 -1.0401 0.059601 -0.050395 -0.027573 -1.2536 -0.19064 -0.042851 -0.0018438 -0.18732 0.26999 -0.72964 0.35009 -0.46338 -0.083761 -0.29283 0.11047 -0.16984 0.12926 0.11009 0.0075954 -0.027534 -0.4078 -0.028034 -0.30503 -0.46554 0.46143 0.39029 0.1255 -1.1853 0.22579 0.094107 -0.49135 0.073927 0.022862 0.63078 -0.013614 0.058395 0.062441 0.060192 -0.083164 0.87443 0.2706 -0.016091 -0.0041203 -0.04851 0.94611 -0.27933 -0.30651 0.59612 -0.022115
1.2695 -0.17814 2.101 2.8502 0.019284 0.22658 0.12301 -1.033 3.0024 -0.71523 -0.038611 -0.017103 1.9675 -1.1557 0.96482 -0.25701 -0.82027 1.2312 0.33524 -1.2067 -0.04984 -2.0854 -1.0063 1.3416 -1.0436 0.2308 -0.070755 1.6129 -0.39311 -1.2226 -0.014737 -0.022487 0.9759 -0.61162 0.8814 -0.52699 -0.28395 -1.8732 0.08291 1.1414 0.026311 0.14811 -0.54174 0.46718 1.2858 0.059648 -0.22764 -0.30899 0.4625 -1.4014 3.1085 -0.081641 0.26276 0.090487 2.0618 0.46495 0.30512 -0.035632 0.48336 -0.14128 0.84599 -0.55329 0.9286 0.062955 0.5104 -0.1456 0.53256 -0.21438 -0.21333 0.022668 0.47536 0.23156 0.4891 0.47466 0.92641 -0.98946 -0.27469 0.3144 2.0752 -0.49005 -0.4012 0.99644 0.036386 -0.13425 -1.1574 0.055868 -0.042639 -0.054465 -0.37272 0.1711 -0.8449 -0.44224 -0.024279 0.0039383 0.29197 -1.3889 0.82967 0.45707 -0.724 -0.036127
-0.20561 -0.068606 -0.14375 -0.74968 -0.041022 -0.29569 -0.037149 0.14732 -0.71523 0.85093 0.035402 0.022485 -0.91653 0.32497 -0.36608 0.18649 0.29121 -0.67058 0.041178 0.68978 -0.090368 0.097312 0.3344 -0.38115 0.39898 0.037244 -0.13902 -0.7041 0.058614 0.40394 0.053564 0.0015642 -0.37671 0.17755 -0.37323 0.16111 0.14458 0.7011 -0.12792 -0.42031 0.02389 -0.23389 0.30729 -0.19061 -0.57893 -0.061905 -0.014983 0.18009 -0.16919 0.48402 -1.1714 0.058432 -0.16847 0.075287 -0.84002 -0.22029 -0.34398 -0.057783 -0.24478 -0.10798 -0.14825 0.15057 -0.36479 0.027157 -0.20647 0.097587 -0.22267 -0.023603 -0.05546 -0.03908 -0.14836 -0.014348 -0.06688 -0.18535 -0.41172 0.38445 -0.12152 -0.19472 -1.0526 0.18258 0.31419 -0.39967 -0.023484 -0.14912 0.26379 -0.026531 -0.00035788 0.01636 0.35975 0.095271 0.22874 0.19755 -0.010132 -0.034584 -0.31915 0.45834 -0.50988 -0.094881 0.25928 0.017869
-0.074435 -0.0038475 0.079623 -0.022516 0.019141 0.032263 -0.02285 0.0043084 -0.038611 0.035402 0.43358 0.0029069 -0.017159 0.05769 -0.018698 0.004978 0.026217 -0.030565 -0.022777 0.017069 0.0017095 -0.079375 -0.031652 -0.0011149 0.027436 0.0018573 0.004057 -0.016365 -0.018146 -0.015595 0.0093405 0.0082555 -0.0023393 0.0030967 -0.012883 -0.012449 -0.035785 0.070564 0.0036961 0.0035656 -0.00664 -0.0072806 0.025008 -0.017567 -0.022346 0.0168 -0.018512 -0.042463 0.0016166 0.038147 -0.067554 0.013973 0.0090699 0.037489 -0.0034265 -0.032912 -0.028124 -0.00059211 -0.036247 9.997e-05 -0.010784 0.043944 0.00078678 -0.030199 0.001774 -0.0034844 0.0201 -0.010936 0.026885 0.0031773 0.0056772 0.0034491 0.0050454 0.0024537 -0.0027532 0.031343 -0.0147 0.023279 -0.01466 -0.012045 0.020838 0.016807 -0.016006 0.0050755 0.021812 -0.012095 -0.0021818 0.04398 -0.002411 -0.0012891 0.0085266 -0.010794 0.013597 -0.0082817 -0.021641 0.028253 -0.012673 -0.035193 0.016327 0.0021831
-0.061146 -0.036051 -0.047305 -0.036467 -0.0062442 0.051474 -0.0091501 -0.033778 -0.017103 0.022485 0.0029069 0.40686 0.068298 0.028211 -0.024589 0.0024554 -0.027512 0.015036 0.0007286 0.041189 0.060382 0.030245 0.057836 -0.019873 0.0067615 -0.0039069 0.0065594 -0.0093419 0.025999 -0.0058097 0.0019172 -0.021445 -0.018749 -0.029243 -0.0031818 0.0041177 0.010033 -0.015745 0.0065169 -0.011279 -0.029412 0.037556 0.015461 -0.031826 -0.050324 0.037524 0.004867 0.030822 0.0032728 0.31601 0.0093032 0.021989 0.0040616 0.08079 -0.02545 -0.04413 0.0097218 0.0090921 -0.014671 -0.053205 -0.0082942 0.14892 -0.014351 -0.1005 0.054333 0.0046719 0.0054837 0.0061406 0.044108 -0.0018419 0.025874 0.008266 -0.036077 -0.014289 -0.013099 0.025229 0.04044 -0.056189 0.013029 0.03455 -0.030214 -0.02979 -0.14322 0.16199 0.074476 -0.050142 -0.017384 0.047135 -0.017059 0.010576 -0.028033 -0.0090276 -0.019811 -0.015411 0.0047064 0.1203 -0.033017 0.028416 -0.13057 0.0008101
1.6761 0.057924 -0.9887 1.9574 -0.011732 0.35721 0.11392 -1.0067 1.9675 -0.91653 -0.017159 0.068298 3.4654 -1.7171 1.5221 0.17325 -0.38767 2.2636 0.17906 -1.7582 0.02769 0.98249 -1.1213 1.5482 -1.9715 0.18651 -0.18265 2.5874 -0.56177 -1.0578 -0.06325 -0.13014 1.1758 -0.65748 1.2709 -0.60367 0.24983 -0.85212 1.2147 1.5324 0.030961 -0.21541 -0.59601 0.52767 1.6655 -0.66478 0.30924 0.22935 0.73613 -1.5866 2.391 -0.072409 -0.16339 -0.054188 2.5993 1.163 0.50298 -0.023541 0.65695 -0.1864 0.8328 -0.68091 1.5784 0.039795 0.63503 -1.2339 -0.4025 0.32971 -0.017006 0.00033982 0.32673 0.22357 -0.31895 0.81614 1.2905 -1.6997 -0.46716 -0.27038 2.354 -0.33639 -0.5956 1.1875 -0.20996 0.32059 -1.7861 -0.082609 -0.079151 0.090451 -0.42642 0.063649 -0.8735 -0.64806 -0.11523 0.079847 0.40585 -1.6014 0.80353 0.54781 -0.58884 -0.054351
-1.6772 -0.10155 1.4148 -1.0952 -0.0034215 -0.028279 -0.10323 0.57838 -1.1557 0.32497 0.05769 0.028211 -1.7171 1.9454 -1.1016 -0.34586 0.10106 -1.4554 -0.098556 0.86701 -0.17197 -1.3977 0.52859 -0.75702 1.3322 -0.20746 0.42578 -1.6866 0.25002 0.45223 0.038227 0.030772 -0.60011 0.16549 -0.67128 0.1513 -0.51307 0.44934 -0.67369 -0.76104 -0.0018924 0.37196 0.082213 -0.12149 -0.56877 0.81718 -0.28625 -0.49041 -0.54564 1.0648 -1.1842 -0.008159 0.45178 0.16637 -1.4985 -0.92934 -0.099388 -0.042168 -0.46673 0.16222 -0.43182 0.75264 -1.1562 -0.23929 -0.20077 0.66485 0.63071 -0.27815 -0.068924 0.053498 0.026263 -0.22662 0.62244 -0.51954 -0.66706 1.2161 0.39225 0.53775 -1.1244 0.24225 0.12375 -0.60345 0.2605 -0.14424 1.5561 0.03429 0.030575 -0.064839 0.12978 -0.10439 0.40406 0.48959 0.0049851 -0.06925 -0.11985 1.0559 -0.39517 -0.45657 0.36591 0.076051
1.0889 0.036297 -0.25506 0.99256 -0.018227 0.11026 0.03067 -0.44964 0.96482 -0.36608 -0.018698 -0.024589 1.5221 -1.1016 1.8989 0.19539 -0.17001 1.1981 0.14386 -0.78825 -0.022547 0.23588 -0.53845 0.67097 -1.0965 0.13567 -0.28148 1.462 -0.10867 -0.4572 -0.042518 0.18177 0.52884 -0.2444 0.61843 -0.13753 0.3514 -0.43107 0.70119 0.65781 0.0068488 -0.23671 -0.23032 0.065188 0.74533 -0.57042 0.21548 0.33662 0.50776 -0.9595 1.0921 -0.064076 -0.28174 -0.064442 1.2031 0.7663 0.17705 -0.002663 0.45651 -0.09311 0.39128 -0.52215 1.5785 0.051309 0.27097 -0.67658 -0.47857 0.19471 -0.0099878 -0.057525 0.093855 0.14641 -0.39151 0.48594 0.63387 -1.2857 -0.25857 -0.34836 0.92996 -0.20989 -0.17753 0.54813 -0.062313 -0.0074419 -1.18 -0.058072 -0.048327 0.060682 -0.17828 0.0093169 -0.31645 -0.39189 0.3475 0.084854 0.16289 -0.9591 0.36952 0.43267 -0.25616 -0.066231
0.38047 0.10291 -1.1881 -0.28726 -0.0098844 -0.087205 -0.031363 0.12677 -0.25701 0.18649 0.004978 0.0024554 0.17325 -0.34586 0.19539 0.66276 0.26012 0.29444 0.00083195 -0.046175 -0.054552 1.1759 0.17541 -0.048898 -0.33558 -0.029408 -0.23854 0.26065 0.042877 0.15872 -0.0038404 -0.034163 -0.16131 -0.002093 0.076162 0.083923 0.29513 0.34019 0.40993 -0.0036525 0.060565 -0.24344 0.099764 -0.07605 -0.069757 -0.39666 0.12084 0.22367 0.11962 -0.032598 -0.38648 0.075413 -0.40001 -0.12525 0.00053875 0.30969 -0.11379 -0.021921 0.10814 -0.027863 -0.038381 -0.30941 0.23255 0.14926 -0.063397 -0.40887 -0.61035 0.25533 0.056848 -0.074766 -0.13262 -0.054861 -0.35169 0.11906 0.074304 -0.30347 -0.094295 -0.27273 -0.20404 0.066755 0.13427 0.038998 -0.20814 -0.090036 -0.40605 -0.00599 -0.029891 0.016558 0.098129 0.013729 0.10113 -0.09148 -0.049892 -0.00077564 -0.096684 -0.016123 -0.17059 0.17293 0.15269 -0.020844
-0.093966 0.18447 -1.1991 -0.82222 -0.018723 0.11348 -0.0014802 0.50909 -0.82027 0.29121 0.026217 -0.027512 -0.38767 0.10106 -0.17001 0.26012 0.95452 -0.20598 -0.062099 0.17842 0.0035386 1.1886 0.29437 -0.22619 0.13503 -0.17678 0.026222 -0.28762 0.11192 0.358 0.027512 0.014426 -0.27227 0.07257 -0.15824 0.13906 0.026119 0.67511 0.46518 -0.20461 0.043076 -0.13121 0.18008 -0.1305 -0.17815 -0.10638 0.10363 0.022184 -0.099379 0.61875 -0.93353 0.083002 -0.16721 0.02253 -0.59395 -0.010998 -0.097606 -0.042935 -0.11589 0.040732 -0.27095 0.46929 -0.14213 -0.15759 -0.10777 -0.43389 -0.33368 0.12798 0.073719 -0.049792 0.053687 -0.18879 -0.034328 -0.12617 -0.17697 0.10011 -0.064428 -0.053093 -0.64074 0.20197 0.11171 -0.23805 0.051223 -0.12573 0.13075 -0.21756 -0.015322 0.18822 0.12793 -0.26579 0.34935 0.165 -0.044256 0.0045221 -0.10483 0.65906 -0.33528 -0.39441 0.83495 -0.022096
1.3675 0.16755 -1.6103 1.2169 -0.0018074 0.25455 0.049597 -0.5038 1.2312 -0.67058 -0.030565 0.015036 2.2636 -1.4554 1.1981 0.29444 -0.20598 2.1804 0.13311 -1.1582 0.018689 1.6157 -0.63808 0.84465 -1.6317 0.12548 -0.20661 2.0025 -0.19026 -0.58465 -0.056653 -0.13746 0.64194 -0.32291 0.89163 -0.26513 0.35822 -0.69969 0.91121 0.8894 0.034975 -0.1994 -0.42007 0.28162 0.9599 -0.71706 0.31413 0.23095 0.55644 -1.0675 1.5604 -0.013031 -0.2934 -0.22412 1.7459 1.0608 0.34003 -0.00023635 0.56395 -0.11773 0.4528 -0.72709 1.2965 0.19008 0.30565 -0.92687 -0.58481 0.33995 0.072734 -0.041214 0.10957 0.14196 -0.49932 0.54621 0.89713 -1.3598 -0.21334 -0.27715 1.5047 -0.35479 -0.34479 0.79164 -0.23572 0.24678 -1.522 -0.048398 -0.071595 0.042913 -0.30194 0.016567 -0.4418 -0.45232 -0.11952 0.075314 0.36244 -1.0634 0.68912 0.47967 -0.41657 -0.054748
0.26044 -0.15557 0.21338 0.33647 -0.017243 -0.13023 0.0027233 -0.18806 0.33524 0.041178 -0.022777 0.0007286 0.17906 -0.098556 0.14386 0.00083195 -0.062099 0.13311 0.5526 -0.20705 -0.19591 -0.1972 -0.1345 0.25857 -0.17458 -0.014507 -0.10453 0.18722 -0.064862 -0.25975 0.020988 0.0066185 0.11297 -0.20464 0.13113 -0.085105 0.061231 -0.039442 0.1452 0.16512 -0.0060381 -0.016031 -0.22501 0.055908 0.21434 0.092788 -0.058649 0.063812 0.068606 -0.1933 0.25331 1.7343e-05 0.0016168 0.10894 0.26504 0.033597 -0.023808 -0.050469 0.034948 -0.016444 0.19351 0.025717 0.13557 -0.089438 0.12673 -0.16728 0.02336 -0.058016 -0.1462 -0.007995 0.047452 -0.016676 0.096501 0.055885 0.20195 -0.16202 -0.17006 -0.040961 0.21692 0.014919 0.033562 0.090489 0.10308 -0.16559 -0.28904 0.0082912 -0.02453 0.0038327 0.028759 0.022816 -0.18764 -0.062288 -0.011454 -0.013441 -0.10407 -0.18171 -0.045867 0.083531 0.027607 -0.025248
-0.8778 -0.10977 -0.078298 -1.273 0.0023163 -0.22988 -0.041563 0.54537 -1.2067 0.68978 0.017069 0.041189 -1.7582 0.86701 -0.78825 -0.046175 0.17842 -1.1582 -0.20705 1.5687 0.038614 0.070354 0.65817 -1.0098 0.98226 0.10449 0.061218 -1.3693 0.26725 0.80377 0.034727 0.037084 -0.68738 0.69668 -0.82314 0.34677 -0.031349 0.52755 -0.82533 -1.0515 0.034982 0.059851 0.4421 -0.33334 -1.1871 0.13834 -0.046878 -0.025481 -0.36641 0.96909 -1.5632 0.032517 0.053627 0.097354 -1.6374 -0.60398 -0.30527 0.10766 -0.39698 -0.043917 -0.5282 0.29384 -0.81535 0.010121 -0.41838 0.85537 0.14375 -0.039659 0.052742 0.0031221 -0.23379 0.025639 -0.0078227 -0.40805 -0.89197 0.8867 0.37201 -0.007895 -1.631 0.20089 0.28585 -0.69895 -0.06247 0.14097 0.90779 0.050861 0.048863 -0.069466 0.28738 0.077973 0.60581 0.32914 0.035849 -0.047346 -0.25751 0.89245 -0.48374 -0.23164 0.14128 0.0304
-0.19559 0.12748 0.17487 -0.055295 0.020355 0.12058 0.045573 0.027095 -0.04984 -0.090368 0.0017095 0.060382 0.02769 -0.17197 -0.022547 -0.054552 0.0035386 0.018689 -0.19591 0.038614 0.58149 -0.19176 0.019186 -0.095463 0.13062 -0.0022987 0.10402 0.014685 0.094087 0.12103 0.0097337 0.036058 0.0017871 0.096336 -0.06281 -0.029685 -0.094454 -0.11719 -0.12338 -0.0012694 -0.012229 0.032435 0.11136 0.010529 -0.062472 0.0063709 -0.032675 -0.081588 -0.033037 0.12853 0.079288 0.011891 0.03268 -0.074936 -0.061402 -0.10702 0.095677 -0.023562 -0.046975 0.026364 -0.040998 0.047302 -0.02372 0.012569 -0.11748 0.10044 0.047322 -0.035996 0.16822 0.0016154 -0.0089707 0.031816 -0.018585 -0.049553 -0.093597 0.056803 0.11345 0.046516 0.0044103 0.062716 -0.08421 -0.040248 -0.10601 0.1351 0.32028 -0.025914 0.014759 0.032004 -0.074927 -0.075493 0.0048471 0.015283 0.049227 0.0040659 0.097021 0.074848 0.027767 -0.0743 -0.098688 0.0023486
1.4005 0.24358 -39.383 -2.4495 0.15747 0.018217 -0.16968 0.65544 -2.0854 0.097312 -0.079375 0.030245 0.98249 -1.3977 0.23588 1.1759 1.1886 1.6157 -0.1972 0.070354 -0.19176 39.434 0.37217 -0.34901 -1.6501 -0.069657 -0.90511 0.99306 -0.086144 1.3153 -0.18375 -0.37661 -0.37173 0.779 0.10668 0.97691 2.0041 2.1014 1.8254 -0.68921 0.10995 -1.0417 0.57216 -0.80093 -0.92237 -2.0166 2.061 1.8098 0.66082 0.29554 -2.5814 0.2205 -1.3423 -0.18265 -0.1888 1.4408 -0.55613 0.41959 0.56547 -0.11988 -0.75835 -0.24749 0.55579 -0.066662 -0.15779 -1.6306 -2.8725 1.92 0.24183 0.1315 -0.15401 0.18366 -2.299 0.39379 0.14612 -1.0897 -0.22924 -2.2294 -1.1077 0.14964 0.29028 -0.3982 -0.26986 1.1448 -1.6406 -0.13889 0.43489 -0.013387 0.093956 -0.24868 0.62656 -0.43136 -0.52061 0.29811 -0.30635 0.19548 -0.078448 0.26703 0.62081 0.22363
-0.53506 0.041017 -0.37322 -1.0313 0.021648 -0.1174 -0.045632 0.68464 -1.0063 0.3344 -0.031652 0.057836 -1.1213 0.52859 -0.53845 0.17541 0.29437 -0.63808 -0.1345 0.65817 0.019186 0.37217 1.0872 -0.79346 0.48803 -0.15947 0.044661 -0.91301 0.24707 0.66862 -0.010026 -0.03023 -0.77815 0.42406 -0.47579 0.34063 0.030586 0.36918 -0.29283 -0.75171 0.036325 -0.079049 0.28521 -0.32133 -0.65284 -0.044471 0.086325 -0.012095 -0.24276 0.89408 -1.1104 0.071748 -0.1093 -0.014093 -1.312 -0.20167 -0.21074 -0.001056 -0.21082 0.11314 -0.61662 0.1385 -0.51393 0.022294 -0.40682 0.32872 -0.24048 0.10135 0.097386 -0.011149 -0.18276 -0.15166 -0.11057 -0.28336 -0.5011 0.5008 0.29788 0.0034062 -1.348 0.29611 0.19785 -0.54668 -0.04044 0.038745 0.57888 0.011564 0.034405 -0.011563 0.18473 -0.014844 0.56745 0.21133 -0.052084 -0.01515 -0.16536 0.87117 -0.50523 -0.10983 0.26493 -0.010494
0.84901 0.061771 0.36566 1.2676 -0.026355 0.14701 0.070565 -0.79335 1.3416 -0.38115 -0.0011149 -0.019873 1.5482 -0.75702 0.67097 -0.048898 -0.22619 0.84465 0.25857 -1.0098 -0.095463 -0.34901 -0.79346 1.4397 -0.80069 0.1072 -0.062882 1.2065 -0.38075 -0.83421 0.0088443 -0.027639 0.81649 -0.6084 0.64 -0.45956 -0.019348 -0.20834 0.57224 1.0996 0.030336 0.02461 -0.36988 0.43458 1.0004 0.0034233 -0.12575 -0.014259 0.31243 -0.98535 1.4293 -0.04278 0.034926 -0.01051 1.663 0.32466 0.15411 -0.11422 0.32995 -0.14519 0.67965 -0.19186 0.70204 0.003514 0.45775 -0.6196 0.14327 -0.14426 -0.1811 0.0020627 0.2869 0.14608 0.15225 0.3492 0.67518 -0.73189 -0.40053 -0.0035193 1.6329 -0.36183 -0.20076 0.77707 0.04639 -0.20748 -0.86617 -0.096084 -0.050921 0.076185 -0.17788 0.013116 -0.6895 -0.22744 -0.0092639 0.023763 0.15281 -0.93677 0.50778 0.1862 -0.19799 -0.015545
-1.3748 -0.086401 1.6551 -1.0213 0.0023158 -0.082032 -0.041863 0.51564 -1.0436 0.39898 0.027436 0.0067615 -1.9715 1.3322 -1.0965 -0.33558 0.13503 -1.6317 -0.17458 0.98226 0.13062 -1.6501 0.48803 -0.80069 1.6635 -0.13739 0.30397 -1.6716 0.32045 0.49272 0.03997 0.13547 -0.51734 0.29044 -0.81 0.20242 -0.43451 0.36341 -0.86027 -0.79266 -0.039491 0.31158 0.25549 -0.1901 -0.80131 0.73994 -0.33914 -0.34752 -0.55874 0.98061 -1.1632 0.0056088 0.33957 0.10641 -1.4584 -0.96378 -0.15058 -0.0070915 -0.49967 0.1378 -0.42024 0.66584 -1.1858 -0.15216 -0.30275 0.84046 0.65295 -0.36164 -0.0021004 0.041104 -0.052345 -0.13774 0.5073 -0.562 -0.80776 1.3295 0.33075 0.38249 -1.1209 0.22581 0.21568 -0.66428 0.18122 -0.19178 1.5424 0.063643 0.076735 -0.054038 0.16149 -0.069315 0.42012 0.44919 0.13306 -0.058586 -0.12354 0.98153 -0.3878 -0.4793 0.30617 0.065163
0.22985 -0.073296 0.047518 0.20551 -0.0079237 -0.039235 0.027714 -0.33615 0.2308 0.037244 0.0018573 -0.0039069 0.18651 -0.20746 0.13567 -0.029408 -0.17678 0.12548 -0.014507 0.10449 -0.0022987 -0.069657 -0.15947 0.1072 -0.13739 0.52816 -0.135 0.19656 -0.093528 -0.071145 -0.023118 -0.018552 0.16429 0.13459 -0.00089404 -0.045919 0.12484 -0.086487 -0.19055 0.08666 0.0069595 -0.047108 0.021189 0.053454 -0.040729 -0.148 0.019332 0.15062 0.088321 -0.28947 0.18151 -0.021862 -0.028176 0.038115 0.24686 0.08638 -0.024281 0.072878 0.058227 -0.17806 0.22355 -0.22862 0.15393 0.10681 -0.051644 0.20067 0.026613 -0.001986 -0.019875 0.0089635 -0.021896 0.35343 -0.12228 0.092766 0.01971 -0.13228 -0.052832 -0.14739 0.15733 -0.091152 0.0055125 0.090775 -0.11132 0.10228 -0.2287 0.010611 -0.0025741 -0.037956 0.017999 0.13297 -0.042551 -0.1106 0.0015105 9.1294e-05 -0.010348 -0.32755 0.058383 0.15119 -0.28112 0.0056787
-0.4969 0.00099454 0.91413 -0.043408 -0.0017423 0.1794 -0.05277 0.20215 -0.070755 -0.13902 0.004057 0.0065594 -0.18265 0.42578 -0.28148 -0.23854 0.026222 -0.20661 -0.10453 0.061218 0.10402 -0.90511 0.044661 -0.062882 0.30397 -0.135 0.98968 -0.2921 0.099332 0.054842 -0.012068 0.01301 -0.080239 -0.0057597 -0.072801 0.027019 -0.32158 -0.12535 -0.14934 -0.047886 -0.048272 0.23144 -0.097041 0.034343 0.09434 0.31755 -0.079057 -0.26674 -0.20476 0.3584 0.055997 -0.051613 0.26642 0.058448 -0.45608 -0.21541 0.1725 -0.012568 -0.090035 0.038045 -0.1189 0.31755 -0.28105 -0.081991 0.0027931 0.1249 0.32431 -0.092891 -0.0092246 0.067769 0.13438 -0.12879 0.32134 -0.23482 -0.084841 0.26109 0.20741 0.31502 -0.13865 -0.032614 -0.51686 -0.1054 0.12904 0.027328 0.55278 -0.018319 0.032537 0.021781 -0.21056 -0.073038 0.11158 0.49345 -0.010639 -0.01108 0.15662 0.38675 0.19731 -0.25084 0.14437 0.024711
1.6238 0.092467 -0.99021 1.6002 -0.0013601 0.2122 0.096854 -0.80104 1.6129 -0.7041 -0.016365 -0.0093419 2.5874 -1.6866 1.462 0.26065 -0.28762 2.0025 0.18722 -1.3693 0.014685 0.99306 -0.91301 1.2065 -1.6716 0.19656 -0.2921 2.4466 -0.31508 -0.85168 -0.066651 -0.0089315 0.97037 -0.45259 1.0152 -0.41346 0.37742 -0.72787 0.96039 1.2014 0.040226 -0.25187 -0.45497 0.39102 1.1672 -0.69676 0.25698 0.3124 0.6622 -1.4586 1.9133 -0.014006 -0.26315 -0.16236 2.2049 1.108 0.36741 0.025281 0.61779 -0.16708 0.67482 -0.79455 1.5081 0.18121 0.48012 -0.97583 -0.46314 0.2774 0.011725 -0.060091 0.15479 0.21636 -0.44111 0.67317 1.0372 -1.6387 -0.41034 -0.35393 1.9358 -0.35432 -0.36607 0.98534 -0.2067 0.11526 -1.7954 -0.04485 -0.077236 0.043486 -0.29979 0.068411 -0.64706 -0.55655 -0.01484 0.082402 0.35168 -1.4324 0.71838 0.54945 -0.49182 -0.05445
-0.32737 0.089078 0.093139 -0.3809 -0.0023701 0.027805 -4.0711e-05 0.32715 -0.39311 0.058614 -0.018146 0.025999 -0.56177 0.25002 -0.10867 0.042877 0.11192 -0.19026 -0.064862 0.26725 0.094087 -0.086144 0.24707 -0.38075 0.32045 -0.093528 0.099332 -0.31508 0.44474 0.24517 0.010576 0.094658 -0.31127 0.15862 -0.18442 0.13469 -0.066012 0.029768 -0.13608 -0.32898 -0.0017572 0.042715 0.041306 -0.13352 -0.2405 0.075835 -0.067652 -0.096244 -0.12403 0.41263 -0.37482 0.023496 0.00068723 -0.08287 -0.56835 -0.12483 0.0070374 -0.016377 -0.095936 0.085891 -0.24221 0.10624 -0.14204 0.0025502 -0.17365 0.12252 -0.008363 -0.049012 0.071241 -0.0025402 -0.0568 -0.10652 0.018334 -0.1543 -0.2055 0.11957 0.19467 0.095433 -0.49278 0.07133 0.059511 -0.19818 0.015103 -0.087604 0.3843 -0.0086696 0.017864 0.018999 0.019276 -0.093651 0.24696 0.14369 0.072005 0.016976 0.018382 0.38742 -0.099354 -0.085394 0.14711 0.014842
-0.57333 0.086426 -1.3934 -1.264 0.024503 -0.070705 -0.019013 0.62379 -1.2226 0.40394 -0.015595 -0.0058097 -1.0578 0.45223 -0.4572 0.15872 0.358 -0.58465 -0.25975 0.80377 0.12103 1.3153 0.66862 -0.83421 0.49272 -0.071145 0.054842 -0.85168 0.24517 1.3494 0.0079901 -0.025691 -0.63063 0.52743 -0.5096 0.35676 0.030991 0.56295 0.1557 -0.79233 0.1935 -0.1423 0.42622 -0.37318 -0.80103 -0.16118 0.37385 -0.13828 -0.22991 0.73367 -1.3481 0.025272 -0.11274 -0.029113 -1.3223 -0.23274 -0.18727 0.033323 -0.3393 0.11987 -0.55681 0.20111 -0.43921 -0.0078037 -0.50557 -0.12676 -0.6844 0.40053 0.16958 -0.011278 -0.19243 -0.073879 -0.28474 -0.25926 -0.67131 0.47595 0.22306 0.0028444 -1.4138 0.27455 0.15713 -0.66451 0.037083 0.21861 0.58703 -0.0093459 0.033223 -0.013485 0.18267 -0.076424 0.51968 0.2136 -0.044033 0.012984 -0.1447 0.71117 -0.43819 -0.13233 0.35399 0.04221
-0.03897 -0.0037448 0.20947 -0.023025 0.0051119 -0.0069226 -0.0060641 -0.013972 -0.014737 0.053564 0.0093405 0.0019172 -0.06325 0.038227 -0.042518 -0.0038404 0.027512 -0.056653 0.020988 0.034727 0.0097337 -0.18375 -0.010026 0.0088443 0.03997 -0.023118 -0.012068 -0.066651 0.010576 0.0079901 0.40843 -0.0024573 -0.0084994 -0.033675 -0.018332 -0.00068212 -0.040161 0.049722 -0.0020399 -0.0061912 -0.0070778 0.018353 0.010341 0.0070832 -0.016561 0.048909 -0.02636 -0.037576 -0.029013 0.057965 -0.058291 -0.0046205 0.023139 0.030574 -0.046115 -0.073096 -0.028298 -0.016101 -0.002673 0.0091992 0.021646 0.078271 -0.053921 -0.026106 0.0097748 -0.00010965 0.040307 -0.031465 0.0053966 0.014272 -0.0063338 -0.021996 0.041777 -0.012922 -0.039791 0.061543 -0.021573 0.032466 -0.018323 0.027736 0.024039 0.00026248 0.025948 -0.046752 0.055404 -0.028254 -0.00019675 0.0044528 0.015665 -0.053474 -0.036493 0.015534 0.001828 -0.0050293 -0.015681 0.077063 -0.059638 -0.047703 0.049774 0.014471
-0.039702 -0.0021099 0.35431 -0.0048901 -0.017837 -0.015303 -0.0042039 0.019384 -0.022487 0.0015642 0.0082555 -0.021445 -0.13014 0.030772 0.18177 -0.034163 0.014426 -0.13746 0.0066185 0.037084 0.036058 -0.37661 -0.03023 -0.027639 0.13547 -0.018552 0.01301 -0.0089315 0.094658 -0.025691 -0.0024573 0.40537 0.0084487 0.025169 -0.045194 -0.0050895 -0.020843 -0.016364 -0.080116 -0.024253 0.0042389 0.018791 0.0078687 -0.022431 -0.025964 0.052776 -0.062034 -0.011345 -0.013658 0.0090671 -0.011623 0.013588 0.017985 0.0035533 -0.053627 -0.063322 0.0063327 0.014611 -0.035885 0.0023561 -0.025465 0.066723 0.0044258 -0.033358 0.00064088 0.080974 0.079824 -0.060376 -0.015794 -0.028496 -0.007917 -0.0022374 0.048955 -0.024842 -0.030676 -0.13862 0.0097529 0.011652 -0.027164 0.017144 0.03311 -0.030903 0.04204 -0.073169 0.077295 -0.019979 -0.00069658 0.019387 0.014531 -0.02039 0.032072 0.038 0.27945 0.02524 0.0047215 0.0097681 -0.016563 -0.039727 0.049971 -0.022342
0.59186 -0.071375 0.37045 0.99803 -0.027496 0.088971 0.054083 -0.67537 0.9759 -0.37671 -0.0023393 -0.018749 1.1758 -0.60011 0.52884 -0.16131 -0.27227 0.64194 0.11297 -0.68738 0.0017871 -0.37173 -0.77815 0.81649 -0.51734 0.16429 -0.080239 0.97037 -0.31127 -0.63063 -0.0084994 0.0084487 0.90033 -0.35944 0.42261 -0.37734 0.0079822 -0.34532 0.30586 0.79032 0.0093597 0.01666 -0.24919 0.3741 0.64624 0.010277 -0.069123 0.0178 0.203 -0.96785 1.1234 -0.068228 0.094886 0.045949 1.3966 0.2136 0.18461 0.033756 0.19425 -0.096417 0.58653 -0.15548 0.51753 -0.026926 0.39355 -0.31492 0.25265 -0.098877 -0.090324 0.0069414 0.16141 0.17047 0.068587 0.27433 0.44739 -0.51333 -0.34713 -0.01098 1.4102 -0.28938 -0.16493 0.54664 0.01974 -0.059089 -0.63279 0.0081825 -0.037091 0.0041189 -0.13649 0.058511 -0.55553 -0.21503 0.027937 0.023077 0.16293 -0.92404 0.47503 0.12755 -0.26913 -0.00057709
-0.25693 -0.03718 -0.78169 -0.66369 0.024448 -0.046223 0.0054851 0.37419 -0.61162 0.17755 0.0030967 -0.029243 -0.65748 0.16549 -0.2444 -0.002093 0.07257 -0.32291 -0.20464 0.69668 0.096336 0.779 0.42406 -0.6084 0.29044 0.13459 -0.0057597 -0.45259 0.15862 0.52743 -0.033675 0.025169 -0.35944 0.73695 -0.43795 0.2335 0.11329 0.10929 -0.46128 -0.58059 -0.0042914 -0.069834 0.28237 -0.24607 -0.66142 -0.22425 0.16241 0.11096 -0.066318 0.39118 -0.68065 -0.01287 -0.043187 0.0027506 -0.79098 -0.10204 -0.081897 0.1591 -0.16723 -0.031756 -0.5007 -0.10105 -0.23673 0.10915 -0.40191 0.54018 -0.060108 0.1446 0.12824 0.029485 -0.15941 0.11451 -0.23508 -0.10861 -0.44732 0.23721 0.256 -0.12429 -0.86737 0.081942 0.069243 -0.39698 -0.14222 0.34439 0.27729 0.044496 0.046197 -0.059901 0.072978 0.095063 0.46774 0.059042 0.0069712 -0.021419 -0.065178 0.37109 -0.17007 -0.027235 -0.084509 0.0083305
0.72601 0.069375 -0.11992 0.88305 -0.0064803 0.13729 0.02865 -0.41831 0.8814 -0.37323 -0.012883 -0.0031818 1.2709 -0.67128 0.61843 0.076162 -0.15824 0.89163 0.13113 -0.82314 -0.06281 0.10668 -0.47579 0.64 -0.81 -0.00089404 -0.072801 1.0152 -0.18442 -0.5096 -0.018332 -0.045194 0.42261 -0.43795 0.99942 -0.16592 0.016911 -0.41867 0.62245 0.61013 -0.0094548 -0.061225 -0.31113 0.15649 0.82084 -0.28334 0.081016 0.041234 0.33478 -0.63821 1.0116 -0.039698 -0.033515 -0.072856 0.99275 0.60642 0.16466 -0.046225 0.30669 0.0037416 0.42977 -0.22549 0.65264 -0.0088986 0.3756 -0.65205 -0.1999 0.12158 -0.054836 -0.0093353 0.12769 0.029534 -0.030504 0.32529 0.75105 -0.71209 -0.22687 -0.038199 0.88548 -0.096485 -0.21371 0.47474 0.057641 -0.082238 -0.77807 -0.059979 -0.066213 0.046698 -0.17805 -0.05795 -0.43039 -0.25303 -0.058241 0.027512 0.17233 -0.62612 0.29613 0.22614 -0.10662 -0.02983
-0.15163 0.0052742 -0.96169 -0.51785 0.010961 -0.0019515 -0.022369 0.32963 -0.52699 0.16111 -0.012449 0.0041177 -0.60367 0.1513 -0.13753 0.083923 0.13906 -0.26513 -0.085105 0.34677 -0.029685 0.97691 0.34063 -0.45956 0.20242 -0.045919 0.027019 -0.41346 0.13469 0.35676 -0.00068212 -0.0050895 -0.37734 0.2335 -0.16592 0.74652 0.24167 0.17441 0.0034812 -0.44027 -0.021592 -0.057416 0.21856 -0.57915 -0.32898 -0.26319 0.18146 0.26619 0.011549 0.37911 -0.60649 0.0031116 -0.14845 0.019409 -0.67659 0.052443 -0.14973 0.05791 0.15753 0.058774 -0.28672 0.086141 -0.1418 -0.086416 -0.18315 0.046811 -0.33483 0.18577 0.038969 -0.011276 -0.025506 -0.037889 -0.25285 0.025019 -0.1862 0.18054 0.10057 -0.28197 -0.76592 0.12915 0.0063625 -0.38589 0.026895 0.063455 0.14798 0.0025598 0.030776 0.023674 0.055081 -0.038927 0.28349 0.052379 0.021535 0.012846 -0.088586 0.36996 -0.21766 -0.025524 0.1596 0.02524
0.58102 -0.016179 -2.0315 -0.2833 -0.020294 -0.11215 -0.01036 -0.074112 -0.28395 0.14458 -0.035785 0.010033 0.24983 -0.51307 0.3514 0.29513 0.026119 0.35822 0.061231 -0.031349 -0.094454 2.0041 0.030586 -0.019348 -0.43451 0.12484 -0.32158 0.37742 -0.066012 0.030991 -0.040161 -0.020843 0.0079822 0.11329 0.016911 0.24167 0.91682 0.3676 0.34866 0.014558 0.019019 -0.3531 0.10337 -0.22556 -0.24491 -0.61227 0.35849 0.7999 0.19482 -0.26709 -0.36146 0.010221 -0.45729 -0.027261 0.14575 0.45331 -0.11588 0.095927 0.18734 -0.11399 -0.016067 -0.40062 0.37363 0.1384 -0.039272 -0.30724 -0.66889 0.31963 0.010691 -0.021886 -0.10668 0.12632 -0.78039 0.20991 0.06356 -0.37662 -0.18437 -0.78425 -0.13961 0.0042425 0.12316 -0.099069 -0.19171 0.217 -0.60331 0.031615 0.026002 -0.036598 0.10994 0.14596 0.033181 -0.16637 0.018552 0.017957 -0.089809 -0.28224 -0.091978 0.26789 -0.13737 -0.01451
-0.42838 0.15158 -2.1051 -1.8224 -0.071183 -0.30183 -0.0731 0.30884 -1.8732 0.7011 0.070564 -0.015745 -0.85212 0.44934 -0.43107 0.34019 0.67511 -0.69969 -0.039442 0.52755 -0.11719 2.1014 0.36918 -0.20834 0.36341 -0.086487 -0.12535 -0.72787 0.029768 0.56295 0.049722 -0.016364 -0.34532 0.10929 -0.41867 0.17441 0.3676 2.2345 0.36018 -0.28996 0.031274 -0.26208 0.36392 -0.13743 -0.58545 -0.13839 0.11743 0.40498 -0.17114 0.563 -2.4039 0.099411 -0.32932 -0.034752 -0.79745 -0.23785 -0.40074 -0.074223 -0.19516 -0.019472 -0.25472 0.35051 -0.36628 -0.062762 -0.14347 -0.35341 -0.50107 0.090831 0.014925 -0.040027 -0.32544 -0.048903 -0.39478 -0.14918 -0.44087 0.38374 -0.24298 -0.4297 -0.95263 0.21694 0.36719 -0.35417 0.0094077 -0.16153 0.29048 -0.10894 -0.027406 0.11701 0.34688 -0.081365 0.27539 0.24435 -0.009961 0.0078344 -0.39617 0.58212 -0.57297 -0.23262 0.61042 -0.0035228
0.70062 0.2731 -1.9469 0.12664 -0.025867 0.43082 0.025379 -0.060544 0.08291 -0.12792 0.0036961 0.0065169 1.2147 -0.67369 0.70119 0.40993 0.46518 0.91121 0.1452 -0.82533 -0.12338 1.8254 -0.29283 0.57224 -0.86027 -0.19055 -0.14934 0.96039 -0.13608 0.1557 -0.0020399 -0.080116 0.30586 -0.46128 0.62245 0.0034812 0.34866 0.36018 2.535 0.53959 0.18787 -0.27142 -0.25932 -0.053316 0.74905 -0.48995 0.50596 0.20096 0.25846 -0.34913 0.14183 0.07252 -0.4506 -0.021398 0.66979 0.76249 0.10054 -0.0822 0.25061 0.14871 0.25734 0.16354 0.73418 -0.2161 0.35009 -2.3579 -1.1189 0.53041 0.0084756 -0.15881 0.33487 -0.18669 -0.40065 0.29169 0.56144 -0.73851 -0.47838 -0.3148 0.46177 0.056004 -0.11238 0.24706 0.21156 -0.13606 -0.82249 -0.21912 -0.14012 0.26159 -0.0067389 -0.23178 -0.26391 -0.1718 -0.079901 0.047307 0.11297 -0.31293 0.010263 0.038768 0.60355 -0.023319
0.75827 0.12191 0.7044 1.2106 -0.019613 0.15458 0.053228 -0.71704 1.1414 -0.42031 0.0035656 -0.011279 1.5324 -0.76104 0.65781 -0.0036525 -0.20461 0.8894 0.16512 -1.0515 -0.0012694 -0.68921 -0.75171 1.0996 -0.79266 0.08666 -0.047886 1.2014 -0.32898 -0.79233 -0.0061912 -0.024253 0.79032 -0.58059 0.61013 -0.44027 0.014558 -0.28996 0.53959 1.1966 0.00041671 0.014292 -0.32301 0.43557 0.97041 -0.06968 -0.14273 0.033288 0.29158 -0.94642 1.4063 -0.037899 -0.016897 -0.097523 1.6066 0.37401 0.22286 -0.13308 0.31069 -0.13983 0.65009 -0.26484 0.68118 0.07438 0.40167 -0.60853 0.078557 -0.15704 -0.061137 -0.012497 0.20856 0.11119 0.034042 0.34395 0.65699 -0.73506 -0.35203 -0.035501 1.6118 -0.20325 -0.22571 0.75059 -0.049819 -0.15547 -0.79532 -0.061576 -0.065167 0.06383 -0.22738 0.016362 -0.63493 -0.23964 -0.019746 0.043278 0.1947 -0.89406 0.40579 0.17086 -0.26477 -0.020683
0.020256 0.017631 -0.11801 0.0071898 -0.00047496 0.015038 0.029301 0.018134 0.026311 0.02389 -0.00664 -0.029412 0.030961 -0.0018924 0.0068488 0.060565 0.043076 0.034975 -0.0060381 0.034982 -0.012229 0.10995 0.036325 0.030336 -0.039491 0.0069595 -0.048272 0.040226 -0.0017572 0.1935 -0.0070778 0.0042389 0.0093597 -0.0042914 -0.0094548 -0.021592 0.019019 0.031274 0.18787 0.00041671 0.47838 -0.022458 0.0092995 0.026534 -0.017629 0.0020939 0.072369 -0.34322 -0.0080694 -0.043507 -0.012136 0.024171 -0.019743 -0.0079841 0.034089 -0.013301 -0.015979 -0.0040974 -0.0045631 0.007772 0.0018145 -0.0074166 0.02331 0.0062475 -0.034328 -0.1899 -0.15637 0.085901 -0.024679 -0.036749 -0.0066915 -0.0087911 0.07677 0.0077487 -0.026111 -0.047949 0.00077887 0.12582 0.0036016 -0.016131 0.04227 0.055132 0.038402 -0.017422 -0.032053 -0.010427 -0.0046986 -0.0099188 0.041304 -0.015429 0.0022596 -0.012868 -0.0002008 -0.0096274 -0.012749 -0.036062 -0.001594 0.028279 0.10787 -0.010122
-0.39337 -0.0011198 1.0757 0.16711 0.0085364 0.11344 -0.0025861 0.018709 0.14811 -0.23389 -0.0072806 0.037556 -0.21541 0.37196 -0.23671 -0.24344 -0.13121 -0.1994 -0.016031 0.059851 0.032435 -1.0417 -0.079049 0.02461 0.31158 -0.047108 0.23144 -0.25187 0.042715 -0.1423 0.018353 0.018791 0.01666 -0.069834 -0.061225 -0.057416 -0.3531 -0.26208 -0.27142 0.014292 -0.022458 0.49242 -0.16688 0.13695 0.1075 0.41995 -0.2469 -0.34069 -0.14863 0.14677 0.3139 0.00077508 0.26592 0.0054589 -0.0072052 -0.27608 0.12523 -0.018858 0.020528 0.056912 0.03225 0.24707 -0.24467 -0.097001 0.070665 0.25418 0.48855 -0.23331 -0.011946 0.0034789 0.094888 -0.044297 0.3411 -0.16276 -0.037564 0.27345 0.20098 0.34924 0.35952 -0.082601 -0.096312 0.081878 0.09014 -0.071621 0.40929 0.024023 -0.023104 -0.0089717 -0.15193 -0.081209 -0.042214 0.10622 0.019343 -0.0068967 0.11877 0.11659 0.19503 -0.14229 -0.030264 -0.015355
-0.16001 0.044477 -0.58695 -0.56445 0.014356 -0.088841 -0.015027 0.19815 -0.54174 0.30729 0.025008 0.015461 -0.59601 0.082213 -0.23032 0.099764 0.18008 -0.42007 -0.22501 0.4421 0.11136 0.57216 0.28521 -0.36988 0.25549 0.021189 -0.097041 -0.45497 0.041306 0.42622 0.010341 0.0078687 -0.24919 0.28237 -0.31113 0.21856 0.10337 0.36392 -0.25932 -0.32301 0.0092995 -0.16688 0.55283 -0.21329 -0.53711 -0.16426 0.080343 0.12434 -0.04874 0.33062 -0.70811 0.02596 -0.1473 0.016173 -0.56262 -0.23771 -0.20461 0.018492 -0.084865 -0.048486 -0.26653 -0.00089397 -0.21904 0.071132 -0.20392 0.29441 -0.19048 0.062712 0.10135 -0.014163 -0.13161 0.049769 -0.18654 -0.059579 -0.37143 0.25046 0.029903 -0.14929 -0.69274 0.11534 0.15379 -0.31998 -0.13499 0.11468 0.16889 -0.024448 0.038059 -0.0093889 0.12926 0.047014 0.23994 0.035757 0.0060712 -0.0045744 -0.18049 0.31028 -0.27628 -0.075208 0.033574 0.0094267
0.10603 0.0066131 0.81554 0.45685 0.0027346 -0.0054739 0.0063071 -0.31039 0.46718 -0.19061 -0.017567 -0.031826 0.52767 -0.12149 0.065188 -0.07605 -0.1305 0.28162 0.055908 -0.33334 0.010529 -0.80093 -0.32133 0.43458 -0.1901 0.053454 0.034343 0.39102 -0.13352 -0.37318 0.0070832 -0.022431 0.3741 -0.24607 0.15649 -0.57915 -0.22556 -0.13743 -0.053316 0.43557 0.026534 0.13695 -0.21329 0.84317 0.33754 0.27108 -0.22833 -0.23919 -0.057804 -0.37333 0.5484 0.0091906 0.15017 -0.055407 0.70614 -0.064634 0.14157 -0.056853 0.0335 -0.045406 0.2965 -0.074831 0.10025 0.097924 0.19736 0.0098079 0.35636 -0.22274 -0.018171 -0.033163 0.012958 0.032329 0.21579 -0.030805 0.18267 -0.14226 -0.081866 0.26282 0.85594 -0.17478 -0.012543 0.43885 -0.019325 -0.12924 -0.14571 0.011885 -0.057345 -0.019196 -0.065807 0.013368 -0.25402 -0.016861 -0.03185 0.011374 0.10358 -0.3408 0.26915 0.0016363 -0.1371 0.00089805
0.63384 0.099941 0.92856 1.3621 -0.022641 0.3021 0.071232 -0.50437 1.2858 -0.57893 -0.022346 -0.050324 1.6655 -0.56877 0.74533 -0.069757 -0.17815 0.9599 0.21434 -1.1871 -0.062472 -0.92237 -0.65284 1.0004 -0.80131 -0.040729 0.09434 1.1672 -0.2405 -0.80103 -0.016561 -0.025964 0.64624 -0.66142 0.82084 -0.32898 -0.24491 -0.58545 0.74905 0.97041 -0.017629 0.1075 -0.53711 0.33754 1.5394 0.0039701 -0.091363 -0.17861 0.35886 -0.80715 1.5735 -0.043349 0.1133 -0.01744 1.3104 0.47178 0.30164 -0.14715 0.4655 0.026547 0.57366 -0.0047183 0.74136 -0.18656 0.46274 -0.80435 0.089176 -0.0849 -0.13118 -0.020641 0.37646 -0.016438 0.28431 0.36887 0.83553 -0.75206 -0.25032 0.20552 1.321 -0.11456 -0.41044 0.71722 0.24551 -0.38244 -0.64461 -0.12234 -0.056461 0.16689 -0.27185 -0.1522 -0.56623 -0.21572 -0.011377 0.038184 0.26767 -0.74719 0.38027 0.14074 0.011672 -0.0058048
